
PB0:1990,1;1995,2;1996,2;1997,4;1998,2;1999,2;2000,3;2001,3;2002,4;2003,7;2004,9;2005,6;2006,10;2007,6;2008,7;2009,10;2010,4;2011,13;2012,21;2013,11;2014,12;
PB1:*itens sem ano,3;2000,2;2001,1;2003,1;2007,3;2008,1;2009,1;2010,3;2012,2;2014,1;
PB2:1996,1;1998,2;1999,2;2003,1;2004,1;2006,1;2007,1;2008,4;2009,1;2010,2;2014,1;
PB3:*itens sem ano,2;1992,1;1994,2;1997,1;2001,2;2007,1;2010,1;2014,1;
PB4:1991,2;1992,1;1993,2;1994,2;1995,2;1996,10;1997,7;1998,7;1999,11;2000,11;2001,10;2002,11;2003,8;2004,10;2005,24;2006,15;2007,12;2008,14;2009,21;2010,24;2011,18;2012,13;2013,15;2014,18;
PB5:2000,2;2002,1;2004,3;2005,1;2006,1;2007,1;2008,3;2009,1;2010,4;2011,1;2012,4;2013,2;2014,2;
PB6:1996,3;1999,1;2000,1;2001,3;2002,1;2003,10;2004,3;2005,2;2006,5;2007,6;2008,7;2009,2;2010,5;2011,4;2012,9;2013,2;2014,5;
PB7:2014,1;
PB8:1994,1;1996,1;1997,1;1999,2;2004,1;2005,2;2007,3;2008,2;2009,1;2010,2;2012,3;2013,2;
PB9:2004,2;2006,1;
PT2:2001,1;2002,1;2003,3;2010,1;
PT3:2010,1;
PT4:1997,1;2000,1;2001,2;2004,1;2005,2;2006,1;2007,2;2008,2;2010,3;2011,1;
PT5:2008,1;2009,1;2010,1;2011,1;2012,1;2013,1;2014,2;
PR0:1999,2;2001,2;2003,1;2010,1;
PR1:2009,1;2013,1;
PR2:2002,1;2003,2;
OA0:2010,1;2011,1;2012,2;2014,1;
OA1:2009,3;2010,2;2011,11;2012,11;2013,5;2014,4;
OA2:2007,1;2011,2;2012,6;2013,16;2014,11;
OA4:2014,1;
OA5:2013,1;2014,1;
OA6:2014,2;
OC0:2007,1;2008,1;2011,3;2012,1;
OC1:2005,1;2006,2;2008,4;2009,5;2010,2;2011,3;2012,7;2013,1;2014,1;
OC2:1999,1;2001,4;2002,3;2003,4;2004,5;2005,5;2006,10;2007,4;2008,4;2009,1;2010,5;2011,5;2012,10;2013,8;2014,2;
OC4:2002,2;2003,1;2004,1;2008,1;2009,4;2010,1;2011,2;2012,4;2013,2;
OC5:1993,1;1994,1;1995,1;1997,1;1998,1;1999,1;2000,3;2001,3;2002,3;2003,5;2004,1;2007,1;2008,1;2009,3;2010,3;2011,2;2013,3;2014,2;
OC6:2005,1;
Pm:1994,2;1995,1;1996,1;1998,2;1999,1;2000,1;2001,2;2002,2;2003,4;2004,2;2005,1;2006,1;2007,6;2008,4;2009,2;2010,3;2011,1;2012,1;2014,1;
Pj:1998,1;1999,1;2000,3;2001,5;2002,1;2003,1;2004,4;2005,3;2006,3;2007,4;2008,4;2010,2;2011,4;2012,6;2013,5;2014,1;
PB:*itens sem ano,5;1990,1;1991,2;1992,2;1993,2;1994,5;1995,4;1996,17;1997,13;1998,11;1999,18;2000,19;2001,19;2002,17;2003,27;2004,29;2005,35;2006,33;2007,33;2008,38;2009,37;2010,45;2011,36;2012,52;2013,32;2014,41;
PT:1997,1;2000,1;2001,3;2002,1;2003,3;2004,1;2005,2;2006,1;2007,2;2008,3;2009,1;2010,6;2011,2;2012,1;2013,1;2014,2;
OA:2007,1;2009,3;2010,3;2011,14;2012,19;2013,22;2014,20;
OC:1993,1;1994,1;1995,1;1997,1;1998,1;1999,2;2000,3;2001,7;2002,8;2003,10;2004,7;2005,7;2006,12;2007,6;2008,11;2009,13;2010,11;2011,15;2012,22;2013,14;2014,5;
Ep:1989,1;1990,2;1991,1;1994,1;1996,3;1997,3;1998,3;1999,8;2000,7;2001,5;2002,10;2003,15;2004,12;2005,15;2006,13;2007,9;2008,9;2009,9;2010,8;2011,11;2012,8;2013,8;2014,5;
Eo:1994,1;1996,1;2000,1;2001,2;2003,2;2004,2;2005,2;2006,2;2007,2;2008,1;2010,2;2012,3;2013,1;2014,2;