4954525458543768
0305044530923158
4163876539828813
2342739419247924
6691214577814153
7931486543023117
2177374113919630
9184379285747172
4375702835280938
2792265423739427
6235432707138452
2307734550999272
0016546400683999
9701298892040425
4975701857992236
4887814471318385
9436687101313785
8041183668335400
5311172857522399
5052452346402051
3794241680729178
2837012019824386
1547525604322738
9284531339856547
7276901318344636
1410613909006372
5615904315781252
1827829018668226
5131787064674647
1965696768654682
9283304583756076
2670485517671047
5141863886391447
5145421957788693
0925150626762308
3137165519167799
8309958472855694
1399158997660627
8341719454584768
3786910721764539
0362417828475021
4986772455989962
9043882987071963
2328322587506261
3828756068970319
9297674836039953
4994816548757232
2708876009097193
7570026746032108
5806070609061741
5332113011714611
3660084022945782
9599760836426116
4729615604294036
2194788939696069
7549395284137638
8474346566632932
6500634130153939
3420856648123202
1255911265969764
9852157976516603
0282042576824255
6670304965931085
2454447846752426
6923820631915917
4832476913075890
2375502443545179
8076305092222491
2278269345182335
5567035007239202
4947214473399282
8331600770992494
3790201696145434
3902020936480943
3203796185958798
6032675883071976
8540637195455101
0422812885426756
9884014023647903
0179683281588178
9224426261471914
2193972715230641
2622198823346358
2573022390208533
0518594881175529
1022072289836952
5927371795409877
4117035297715549
5698490381439171
6585268328694600
1228255861618623
6682188667337926
3543332021306245
6154630512714298
5136161277318799
8443563462309878
1927611801056285
0261838076132788
4152096413674884
3612117261652487
0999376629124379
6341949585952563
0202442951723700
6645291537707770
0694302682822936
1174294242039695
7646919544152968
3137362403625766
6001878395429864
7674397839729843
4507073071352893
8571722708574643
1562357566810393
7918256752533443
0644408634493034
9012341969571070
3933803128338211
3652616294129358
9500245604678806
9882997486378381
7033663121518051
8329483815933202
2093767103221971
2459050725301964
2240951178648368
7533729699758819
5050297112715056
5510586949900283
8616294978072812
6685620485747756
3066108797811346
5659699054915016
6505039023842313
8088824850393716
2968055170351130
5337976093923686
5315326219812123
2834749073743171
1545823814733552
5225021589671179
2254436025676785
1499896249253454
1225632464417175
4906912170814406
6289564220810025
1018418114348974
6281634935701289
4333940423066302
8683892001004216
9035886932770957
2800253352640981
5118629875846648
1608062196337851
0770343284012942
2985003469291138
1039426143305816
7067373989811825
5401834276113665
7716042222856938
1647118503085126
3743104989317803
9545196111773245
3645880866476151
4438914190540949
4074898371818323
8436515676441851
9342074717900720
0279770660002369
5228033768526863
4753981490539191
2203440105813133
3129654459383006
2073243980404677
4791589931798048
4796810967060744
5416099300504556
7541987739314374
8259326391342681
9608549914522813
3138898469532698
1249856748676359
8590492866942091
4727357182510680
6090334823327910
4063718580685742
0731606611183670
2061860923656655
2838072304643039
0122861385272649
1725477351660877
3518240071127311
5909154335340519
7508415549513991
5322325760113475
5382764179565796
1660070580824436
7090251302458231
7824954032846499
4946185987756278
4905523088860198
5011837939713517
8600783187687973
3865034384552152
8154171198308578
7480006350883882
4956083758788367
1039015901627262
1047633546096022
5604840618330114
1138421966678239
7643087242351808
0858482819476716
0070604803960319
6366443994619479
0140270557859414
7913813209624175
5854396761012191
1225623517319669
1787052168477889
0179728954543082
5519687175393434
5818012075167720
0807322008863049
8928414093493138
3170814262719407
0131770792108992
2118391660819227
4585253466628293
9039182932747194
6834721627529385
6790646389968678
5371243801012388
1521815731111261
2960719133347643
5947932238898050
9975547374911375
4543212110166783
8300359985612467
9371904392794074
7449349735977862
5618622435626525
0175278011664600
1052910043534717
7427573617921461
3569882396619399
9103101956717062
0723238551725187
4616667057431718
3100288618568772
3238408117360208
2354218383760929
2153927915438535
6129922633513848
5144730275745518
5183243664164009
2045873008413618
0331375714495167
1096789853293909
9937651244236052
0348490713417429
6382816131483581
0695807172948176
7310046838140771
0472884412790581
6026988064592009
4816156389933697
2232576210058366
0688516277088181
2117354822135475
5432617680820523
6550597122180588
0620986273710878
0188019824603585
9556374634294751
7512256666976329
2961730349897943
4627360041573918
8716519765059982
7380146739962775
3451134794633517
8115411925529441
0747590813597124
8454578298538534
8771266198213661
7833556006473564
0631352824133933
3530189028502875
9985584992275325
9208087858073632
4954414332524750
6476181389815735
1532548827466292
3447755852902955
5199646754420640
0852070011083762
8965738600138840
